000035
000037
000040
000054
000063
000093
000128
000132
000135
000136
000141
000152
000164
000182
000204
000253
000260
000262
000285
000291
000340
000367
000506
000529
000542
000575
000623
000662
000668
000678
000699
000734
000761
000766
000789
000811
000812
000835
000857
000859
000879
000903
000946
000997
001019
001023
001068
001078
001079
001095
001103
001104
001105
001126
001138
001183
001188
001191
001195
001205
001236
001255
001318
001352
001370
001378
001395
001428
001532
001549
001598
001608
001611
001618
001656
001679
001709
001713
001740
001774
001848
001860
001875
001905
001908
001954
001957
001986
002019
002044
002054
002095
002103
002112
002144
002163
002190
002191
002215
002228
002251
002306
002322
002358
002360
002362
002363
002367
002370
002396
002405
002464
002474
002484
002487
002488
002492
002500
002536
002568
002600
002623
002639
002687
002693
002725
002767
002832
002857
002872
002889
002921
002937
002948
002959
002976
003007
003018
003051
003087
003108
003129
003154
003179
003209
003211
003214
003253
003260
003322