000004
000015
000018
000022
000023
000024
000028
000032
000033
000034
000041
000044
000047
000048
000056
000065
000071
000072
000080
000081
000084
000091
000100
000101
000106
000109
000112
000137
000149
000155
000160
000161
000162
000172
000174
000176
000177
000179
000185
000190
000201
000203
000206
000212
000217
000225
000226
000227
000236
000241
000242
000244
000245
000246
000247
000249
000250
000251
000254
000261
000263
000264
000269
000276
000283
000287
000294
000303
000305
000306
000307
000328
000330
000336
000344
000348
000361
000363
000368
000370
000371
000372
000375
000382
000386
000390
000392
000394
000397
000399
000401
000402
000404
000406
000407
000408
000421
000423
000424
000425
000431
000433
000436
000442
000443
000445
000449
000450
000451
000452
000453
000455
000459
000487
000489
000494
000495
000497
000500
000502
000503
000505
000507
000510
000519
000522
000527
000548
000549
000550
000557
000560
000561
000562
000565
000568
000571
000572
000578
000583
000589
000590
000593
000594
000595
000596
000597
000598
000600
000602
000603
000609
000616
000622
000638
000649
000651
000660
000661
000671
000676
000682
000686
000689
000690
000691
000693
000703
000724
000725
000727
000735
000741
000742
000748
000751
000752
000764
000771
000772
000773
000774
000777
000780
000786
000802
000819
000824
000825
000831
000832
000840
000846
000847
000854
000856
000860
000871
000872
000880
000881
000882
000886
000891
000894
000895
000897
000899
000912
000919
000923
000924
000925
000928
000929
000934
000937
000938
000949
000950
000957
000959
000961
000979
000983
000984
001004
001010
001016
001020
001025
001026
001028
001035
001036
001052
001055
001058
001063
001064
001065
001066
001075
001076
001083
001084
001085
001086
001090
001092
001093
001094
001096
001097
001098
001101
001102
001108
001110
001111
001114
001127
001128
001129
001130
001141
001146
001147
001155
001156
001157
001160
001161
001164
001166
001174
001184
001185
001193
001196
001199
001207
001225
001226
001227
001228
001231
001233
001234
001246
001247
001248
001250
001251
001252
001259
001261
001268
001270
001285
001295
001296
001297
001298
001303
001307
001317
001320
001321
001326
001336
001338
001341
001350
001354
001355
001357
001358
001362
001363
001366
001368
001369
001374
001400
001408
001409
001413
001415
001416
001421
001426
001435
001436
001441
001442
001444
001448
001455
001464
001465
001470
001471
001476
001477
001480
001481
001483
001485
001495
001506
001507
001511
001520
001522
001525
001531
001536
001540
001541
001551
001556
001557
001560
001564
001571
001572
001573
001589
001594
001596
001597
001614
001615
001627
001629
001633
001635
001636
001643
001644
001653
001654
001655
001664
001670
001671
001673
001675
001676
001684
001685
001694
001698
001699
001702
001704
001705
001710
001711
001712
001721
001722
001744
001745
001750
001751
001756
001767
001768
001770
001778
001779
001780
001781
001789
001791
001793
001794
001800
001805
001806
001808
001809
001816
001817
001818
001819
001821
001827
001828
001854
001861
001862
001869
001870
001871
001877
001878
001879
001884
001886
001891
001906
001910
001939
001940
001943
001944
001953
001961
001973
001974
001978
001992
001994
002000
002022
002025
002026
002028
002032
002049
002050
002058
002059
002060
002064
002065
002067
002068
002078
002084
002099
002108
002116
002117
002134
002135
002149
002153
002161
002165
002171
002174
002175
002180
002181
002185
002193
002194
002196
002203
002207
002210
002212
002213
002254
002255
002265
002266
002271
002272
002273
002274
002276
002285
002299
002303
002308
002309
002310
002313
002325
002326
002327
002340
002341
002343
002369
002378
002383
002384
002385
002386
002391
002407
002408
002409
002429
002440
002445
002446
002449
002458
002459
002463
002467
002472
002489
002490
002494
002508
002509
002535
002544
002546
002552
002563
002567
002570
002571
002576
002579
002580
002581
002598
002599
002606
002612
002625
002626
002631
002632
002638
002640
002641
002644
002647
002659
002662
002669
002670
002671
002678
002680
002681
002682
002684
002690
002705
002706
002713
002714
002724
002726
002728
002732
002740
002751
002770
002771
002780
002784
002786
002797
002798
002799
002803
002804
002806
002808
002815
002816
002821
002823
002824
002839
002849
002850
002853
002854
002861
002862
002868
002869
002874
002879
002880
002881
002882
002884
002885
002890
002906
002911
002912
002917
002932
002933
002934
002935
002956
002957
002960
002966
002975
002977
002988
002989
002992
002998
002999
003001
003002
003008
003009
003010
003021
003025
003026
003029
003032
003037
003043
003046
003053
003054
003056
003065
003066
003069
003082
003089
003090
003099
003100
003101
003104
003105
003110
003114
003122
003130
003131
003135
003139
003141
003143
003144
003147
003158
003163
003166
003168
003181
003192
003193
003194
003207
003208
003210
003215
003216
003219
003221
003225
003230
003239
003240
003241
003245
003267
003268
003271
003272
003273
003275
003286
003287
003288
003289
003296
003302
003303
003328
003329
003332
003335
003336
003338
003339
003341
003348
003349
003350
003351