000002
000003
000004
000009
000010
000012
000014
000015
000016
000017
000018
000021
000022
000023
000024
000026
000027
000028
000030
000031
000032
000033
000034
000035
000037
000038
000039
000040
000041
000042
000044
000045
000046
000047
000048
000049
000050
000051
000052
000053
000054
000056
000058
000059
000060
000062
000063
000065
000066
000067
000068
000071
000072
000074
000076
000078
000080
000081
000083
000084
000091
000094
000098
000100
000101
000103
000106
000107
000109
000110
000111
000112
000114
000116
000118
000119
000120
000125
000127
000129
000131
000134
000136
000137
000138
000140
000143
000148
000149
000150
000155
000160
000161
000162
000171
000172
000174
000175
000176
000177
000178
000179
000180
000181
000185
000190
000201
000203
000206
000211
000212
000216
000217
000225
000226
000227
000233
000236
000238
000239
000241
000242
000244
000245
000246
000247
000249
000250
000251
000252
000254
000261
000263
000264
000266
000269
000276
000283
000284
000287
000294
000303
000305
000306
000307
000310
000317
000320
000323
000328
000330
000335
000336
000344
000348
000355
000360
000361
000363
000368
000370
000371
000372
000375
000378
000382
000384
000385
000386
000390
000392
000394
000397
000399
000401
000402
000404
000406
000407
000408
000411
000421
000422
000423
000424
000425
000429
000430
000431
000433
000436
000440
000442
000443
000445
000449
000450
000451
000452
000453
000454
000455
000456
000459
000467
000468
000480
000487
000489
000494
000495
000496
000497
000500
000502
000503
000505
000506
000507
000510
000519
000521
000522
000523
000527
000546
000548
000549
000550
000557
000560
000561
000562
000565
000568
000571
000572
000576
000578
000582
000583
000584
000589
000590
000592
000593
000594
000595
000596
000597
000598
000600
000601
000602
000603
000604
000609
000613
000616
000622
000624
000627
000628
000638
000649
000651
000660
000661
000667
000669
000670
000671
000676
000682
000686
000689
000690
000691
000693
000703
000724
000725
000727
000733
000735
000741
000742
000748
000751
000752
000764
000765
000768
000771
000772
000773
000774
000777
000780
000786
000795
000796
000798
000802
000804
000819
000824
000825
000831
000832
000840
000842
000846
000847
000848
000851
000853
000854
000855
000856
000860
000863
000867
000871
000872
000879
000880
000881
000882
000884
000886
000887
000891
000894
000895
000897
000899
000906
000912
000918
000919
000923
000924
000925
000927
000928
000929
000934
000936
000937
000938
000942
000944
000948
000949
000950
000953
000954
000957
000958
000959
000961
000965
000977
000979
000983
000984
000998
000999
001004
001006
001007
001010
001012
001013
001016
001020
001025
001026
001028
001029
001035
001036
001052
001055
001058
001061
001063
001064
001065
001066
001067
001075
001076
001083
001084
001085
001086
001090
001092
001093
001094
001095
001096
001097
001098
001100
001101
001102
001104
001105
001108
001110
001111
001114
001116
001125
001127
001128
001129
001130
001132
001133
001134
001141
001146
001147
001150
001155
001156
001157
001160
001161
001164
001166
001167
001174
001184
001185
001189
001190
001193
001196
001199
001200
001207
001225
001226
001227
001228
001229
001230
001231
001233
001234
001246
001247
001248
001250
001251
001252
001253
001259
001261
001268
001270
001278
001285
001290
001292
001295
001296
001297
001298
001301
001302
001303
001305
001307
001317
001318
001320
001321
001323
001324
001326
001336
001338
001340
001341
001344
001350
001354
001355
001357
001358
001362
001363
001366
001367
001368
001369
001374
001381
001382
001387
001391
001395
001400
001408
001409
001413
001414
001415
001416
001421
001425
001426
001435
001436
001441
001442
001443
001444
001446
001448
001452
001455
001464
001465
001470
001471
001476
001477
001480
001481
001483
001485
001490
001495
001506
001507
001511
001520
001522
001523
001525
001530
001531
001536
001537
001540
001541
001548
001551
001555
001556
001557
001560
001563
001564
001571
001572
001573
001589
001594
001596
001597
001598
001614
001615
001627
001629
001633
001635
001636
001643
001644
001649
001653
001654
001655
001664
001670
001671
001673
001675
001676
001679
001684
001685
001694
001698
001699
001702
001704
001705
001710
001711
001712
001721
001722
001744
001745
001746
001748
001750
001751
001753
001756
001765
001766
001767
001768
001770
001778
001779
001780
001781
001789
001791
001793
001794
001797
001800
001801
001802
001805
001806
001808
001809
001812
001813
001816
001817
001818
001819
001821
001827
001828
001832
001846
001854
001857
001860
001861
001862
001864
001869
001870
001871
001875
001877
001878
001879
001884
001885
001886
001891
001901
001903
001906
001909
001910
001939
001940
001943
001944
001947
001948
001953
001954
001961
001963
001969
001973
001974
001975
001978
001992
001994
002000
002001
002007
002008
002022
002025
002026
002028
002032
002049
002050
002058
002059
002060
002062
002064
002065
002066
002067
002068
002078
002083
002084
002099
002102
002108
002116
002117
002134
002135
002141
002146
002148
002149
002152
002153
002161
002164
002165
002171
002174
002175
002180
002181
002185
002192
002193
002194
002196
002202
002203
002207
002210
002212
002213
002244
002245
002254
002255
002263
002265
002266
002271
002272
002273
002274
002275
002276
002283
002285
002299
002303
002308
002309
002310
002313
002325
002326
002327
002328
002340
002341
002342
002343
002369
002378
002383
002384
002385
002386
002391
002394
002407
002408
002409
002429
002440
002445
002446
002449
002450
002456
002458
002459
002460
002463
002467
002471
002472
002473
002474
002475
002484
002489
002490
002493
002494
002508
002509
002535
002539
002544
002546
002552
002563
002566
002567
002570
002571
002576
002579
002580
002581
002588
002592
002598
002599
002603
002606
002610
002612
002625
002626
002629
002631
002632
002638
002640
002641
002642
002644
002645
002647
002659
002661
002662
002663
002664
002669
002670
002671
002678
002680
002681
002682
002684
002690
002694
002699
002704
002705
002706
002713
002714
002724
002726
002728
002732
002739
002740
002745
002747
002751
002761
002765
002770
002771
002777
002780
002781
002784
002785
002786
002787
002797
002798
002799
002803
002804
002806
002808
002815
002816
002821
002823
002824
002836
002839
002847
002848
002849
002850
002853
002854
002861
002862
002866
002868
002869
002874
002879
002880
002881
002882
002884
002885
002890
002906
002907
002908
002911
002912
002917
002918
002928
002932
002933
002934
002935
002940
002956
002957
002960
002966
002974
002975
002977
002988
002989
002990
002992
002998
002999
003001
003002
003008
003009
003010
003013
003021
003025
003026
003029
003032
003037
003043
003046
003051
003053
003054
003056
003060
003061
003065
003066
003069
003081
003082
003089
003090
003092
003099
003100
003101
003104
003105
003110
003114
003115
003122
003126
003130
003131
003135
003139
003140
003141
003142
003143
003144
003147
003158
003163
003166
003168
003172
003181
003184
003186
003191
003192
003193
003194
003196
003207
003208
003210
003215
003216
003219
003221
003224
003225
003228
003230
003231
003239
003240
003241
003242
003245
003267
003268
003271
003272
003273
003275
003283
003286
003287
003288
003289
003296
003299
003302
003303
003310
003312
003328
003329
003330
003332
003335
003336
003338
003339
003341
003347
003348
003349
003350
003351