000002
000003
000004
000009
000010
000012
000014
000015
000016
000017
000018
000021
000022
000023
000024
000026
000027
000028
000030
000031
000032
000033
000034
000035
000037
000038
000039
000040
000041
000042
000044
000045
000046
000047
000048
000049
000050
000051
000052
000053
000054
000056
000058
000059
000060
000062
000063
000065
000066
000067
000068
000071
000074
000076
000078
000080
000081
000083
000084
000091
000094
000098
000101
000103
000107
000110
000111
000112
000114
000116
000118
000119
000120
000125
000127
000129
000131
000134
000136
000138
000140
000143
000148
000150
000160
000162
000171
000172
000174
000175
000176
000177
000178
000179
000180
000181
000211
000216
000226
000238
000239
000242
000244
000245
000246
000249
000250
000251
000252
000254
000261
000264
000276
000284
000294
000310
000317
000320
000323
000330
000335
000355
000360
000370
000378
000384
000385
000386
000392
000406
000407
000408
000411
000422
000423
000429
000430
000440
000443
000450
000451
000452
000453
000454
000455
000456
000467
000480
000494
000495
000496
000497
000500
000503
000505
000506
000507
000519
000521
000522
000523
000546
000571
000576
000584
000589
000592
000594
000597
000598
000600
000601
000602
000603
000609
000613
000624
000627
000628
000667
000669
000670
000671
000686
000690
000691
000693
000733
000741
000764
000768
000773
000774
000786
000795
000796
000798
000804
000824
000831
000840
000842
000848
000851
000853
000854
000855
000863
000867
000879
000880
000884
000887
000897
000906
000927
000934
000936
000942
000944
000948
000949
000953
000954
000957
000958
000965
000979
000998
000999
001006
001007
001012
001013
001028
001029
001035
001036
001061
001063
001064
001065
001067
001076
001090
001092
001094
001095
001096
001097
001098
001100
001101
001104
001105
001116
001125
001127
001128
001129
001132
001133
001134
001141
001146
001147
001150
001167
001185
001189
001190
001193
001199
001200
001225
001226
001227
001228
001229
001230
001246
001247
001250
001251
001253
001278
001290
001292
001295
001301
001302
001303
001305
001317
001318
001320
001323
001324
001340
001341
001344
001357
001362
001363
001366
001367
001381
001382
001391
001413
001414
001425
001435
001443
001446
001455
001476
001477
001490
001522
001523
001530
001536
001537
001540
001541
001548
001555
001556
001557
001563
001564
001596
001597
001598
001635
001636
001643
001649
001670
001671
001679
001685
001710
001711
001712
001721
001722
001744
001745
001746
001748
001753
001756
001765
001766
001767
001768
001770
001780
001781
001797
001801
001802
001805
001806
001808
001809
001812
001813
001816
001817
001818
001819
001821
001832
001857
001860
001861
001862
001869
001870
001871
001875
001885
001886
001901
001903
001906
001909
001910
001947
001948
001953
001954
001961
001963
001969
001975
002001
002007
002049
002050
002062
002066
002067
002083
002084
002102
002141
002146
002152
002153
002164
002165
002180
002192
002196
002202
002203
002210
002244
002245
002254
002255
002263
002275
002276
002283
002309
002310
002313
002326
002328
002341
002342
002385
002386
002394
002408
002409
002429
002449
002450
002456
002460
002467
002471
002472
002473
002474
002475
002493
002494
002539
002566
002570
002571
002588
002592
002603
002610
002629
002642
002645
002661
002662
002663
002664
002684
002699
002713
002714
002739
002745
002747
002751
002761
002765
002781
002786
002787
002799
002815
002816
002836
002847
002861
002866
002880
002881
002907
002908
002911
002918
002928
002932
002934
002940
002974
002975
002977
002989
002990
003013
003051
003061
003066
003069
003081
003082
003092
003100
003101
003114
003115
003122
003126
003140
003141
003142
003143
003163
003172
003184
003186
003191
003192
003196
003221
003224
003225
003228
003231
003239
003240
003241
003242
003245
003283
003286
003287
003288
003289
003296
003299
003310
003312
003330
003347
003349
003350