000015
000022
000024
000056
000063
000071
000080
000081
000084
000148
000160
000171
000172
000174
000175
000176
000179
000180
000181
000238
000242
000244
000245
000246
000250
000251
000254
000261
000264
000276
000294
000320
000323
000330
000360
000378
000384
000385
000386
000392
000406
000407
000408
000411
000422
000440
000450
000451
000452
000453
000454
000455
000456
000494
000495
000497
000500
000503
000505
000506
000507
000519
000521
000522
000523
000546
000576
000584
000592
000594
000597
000598
000602
000603
000624
000627
000667
000669
000670
000686
000690
000691
000693
000741
000773
000786
000795
000796
000824
000831
000855
000863
000867
000880
000884
000934
000936
000942
000948
000949
000953
000954
000957
000958
000965
000979
000998
000999
001006
001007
001012
001013
001028
001029
001035
001036
001061
001063
001090
001092
001094
001095
001096
001097
001098
001100
001101
001104
001105
001125
001127
001128
001132
001133
001141
001146
001147
001185
001189
001190
001193
001199
001200
001225
001226
001227
001228
001246
001247
001250
001251
001278
001292
001301
001303
001317
001318
001323
001324
001340
001341
001366
001367
001414
001425
001476
001477
001490
001522
001523
001537
001540
001541
001548
001556
001557
001563
001564
001596
001597
001598
001636
001670
001671
001679
001685
001710
001711
001712
001721
001722
001744
001745
001746
001748
001756
001767
001768
001770
001780
001781
001797
001805
001806
001808
001809
001812
001813
001817
001819
001832
001869
001870
001871
001885
001886
001903
001906
001910
001947
001948
001963
002066
002067
002083
002152
002153
002164
002165
002203
002210
002244
002245
002254
002255
002275
002276
002283
002309
002310
002313
002328
002341
002342
002385
002386
002408
002409
002449
002450
002467
002471
002472
002473
002474
002493
002570
002571
002588
002610
002661
002662
002663
002664
002739
002751
002761
002786
002787
002799
002815
002816
002880
002881
002907
002974
002975
003061
003069
003081
003082
003115
003140
003141
003142
003143
003163
003186
003191
003192
003221
003225
003228
003239
003240
003242
003245
003286
003287
003288
003289
003296
003312
003347
003349
003350