000032
000063
000066
000184
000216
000221
000226
000238
000287
000294
000361
000398
000423
000426
000429
000459
000464
000466
000474
000483
000506
000586
000587
000593
000732
000883
000887
000904
000955
000968
001039
001069
001084
001101
001108
001114
001125
001128
001155
001185
001190
001196
001200
001247
001251
001253
001274
001305
001318
001367
001410
001431
001466
001520
001523
001537
001575
001644
001722
001766
001791
001802
001830
001831
001884
001896
001938
002152
002153
002192
002276
002310
002391
002443
002455
002463
002470
002481
002490
002497
002511
002559
002561
002626
002629
002684
002735
002749
002773
002797
002806
002808
002856
002903
002989
003021
003066
003092
003143
003224
003225
003228
003287
003322